*** Result of iteration 0 ***
                                        
      51                                
    4                                   
   3 5 2                                
    132 2                      54       
   2 5 3                     52         
    41  544              34 35          
  2 424 1               5 4  24         
  1313 4              2 14 525 42       
   4  4 23          4  15 2  1  15      
  23 3 55 1        3  1  2 23 13 25     
    41 2 3  3         34   4  15        
      31      1          5 1 4 1        
                        3 4 3 5 13      
       5          2           1 44      
                2    4 4  2 52 11       
       3                4  3 15         
                          2 3  23       
                           1 4          
       2    5           1   2           
                                        
                            5           
       3  4                             
                            2           
   52   2                               
     55                     3           
    3                      1422         
   5 4241                   25          
    3 15 32   3        2452  41         
  25   33         1     54  12 13       
    13 3            4  54 34    42      
   5 31                   41 11  55     
  42                     55 25  31      
                          53  31        
                                        
*** Result of iteration 1 ***
                                        
      33                                
    3                                   
   3 3 3                                
    333 3                      44       
   3 3 3                     44         
    33  333              44 44          
  3 333 3               4 4  44         
  3333 3              4 44 444 11       
   3  3 33          4  44 4  4  11      
  33 3 33 3        4  4  4 41 11 11     
    33 3 3  3         44   1  11        
      33      3          4 1 1 1        
                        4 1 1 1 11      
       3          4           1 11      
                3    4 1  1 11 11       
       3                1  1 11         
                          1 1  11       
                           1 1          
       3    3           1   1           
                                        
                            1           
       3  3                             
                            1           
   33   3                               
     33                     1           
    3                      1111         
   3 3333                   11          
    3 33 33   3        5555  11         
  33   33         5     55  11 11       
    33 3            5  55 55    11      
   3 33                   55 51  11     
  33                     55 55  11      
                          55  51        
                                        
*** Result of iteration 2 ***
                                        
      33                                
    3                                   
   3 3 3                                
    333 3                      44       
   3 3 3                     44         
    33  333              44 44          
  3 333 3               4 4  44         
  3333 3              4 44 444 44       
   3  3 33          4  44 4  4  44      
  33 3 33 3        4  4  4 44 44 44     
    33 3 3  3         44   4  44        
      33      3          4 4 4 4        
                        4 4 4 1 11      
       3          4           1 11      
                3    4 4  1 11 11       
       3                1  1 11         
                          1 1  11       
                           1 1          
       3    3           1   1           
                                        
                            1           
       3  3                             
                            1           
   33   3                               
     33                     5           
    3                      5555         
   3 3333                   55          
    3 33 33   5        5555  55         
  33   33         5     55  55 55       
    33 3            5  55 55    55      
   3 33                   55 55  55     
  33                     55 55  55      
                          55  55        
                                        
*** Result of iteration 3 ***
                                        
      33                                
    3                                   
   3 3 3                                
    333 3                      44       
   3 3 3                     44         
    33  333              44 44          
  3 333 3               4 4  44         
  3333 3              4 44 444 44       
   3  3 33          4  44 4  4  44      
  33 3 33 3        4  4  4 44 44 44     
    33 3 3  3         44   4  44        
      33      3          4 4 4 1        
                        4 4 1 1 11      
       3          4           1 11      
                3    1 1  1 11 11       
       3                1  1 11         
                          1 1  11       
                           1 1          
       3    3           1   1           
                                        
                            1           
       3  3                             
                            5           
   33   3                               
     33                     5           
    3                      5555         
   3 3333                   55          
    3 33 33   5        5555  55         
  33   33         5     55  55 55       
    33 3            5  55 55    55      
   3 33                   55 55  55     
  33                     55 55  55      
                          55  55        
                                        
